[
  {
    "app.user_data.NpcOtomoDataParam": {
      "_MedicOtomoReturnTarget_ST101": [
        -0.5526,
        -0.0,
        -0.8334,
        0.0,
        0.0,
        1.0,
        -0.0,
        0.0,
        0.8334,
        -0.0,
        -0.5526,
        0.0,
        -789.6675,
        57.6015,
        739.4642,
        1.0
      ],
      "_MedicOtomoReturnTarget_ST102": [
        -0.5652,
        0.0,
        -0.8249,
        0.0,
        0.0,
        1.0,
        0.0,
        0.0,
        0.8249,
        0.0,
        -0.5652,
        0.0,
        -124.8059,
        44.7549,
        472.7615,
        1.0
      ],
      "_MedicOtomoReturnTarget_ST103": [
        0.5735,
        0.0,
        -0.8192,
        0.0,
        0.0,
        1.0,
        0.0,
        0.0,
        0.8192,
        0.0,
        0.5735,
        0.0,
        1056.7407,
        -90.3109,
        -129.4303,
        1.0
      ],
      "_MedicOtomoReturnTarget_ST104": [
        -0.892,
        0.0,
        -0.4521,
        0.0,
        0.0,
        1.0,
        0.0,
        0.0,
        0.4521,
        0.0,
        -0.892,
        0.0,
        -920.1111,
        152.7182,
        246.0804,
        1.0
      ],
      "_MedicOtomoReturnTarget_ST105": [
        0.1498,
        -0.0,
        -0.9887,
        0.0,
        -0.0,
        1.0,
        -0.0,
        0.0,
        0.9887,
        0.0,
        0.1498,
        0.0,
        15.0172,
        -21.262,
        -87.0832,
        1.0
      ],
      "_MedicOtomoReturnTarget_ST201": [
        0.0,
        0.0,
        0.0,
        0.0,
        0.0,
        0.0,
        0.0,
        0.0,
        0.0,
        0.0,
        1.0,
        0.0,
        -789.1726,
        57.6072,
        739.3809,
        1.0
      ],
      "_MedicOtomoReturnTarget_ST202": [
        0.0,
        0.0,
        0.0,
        0.0,
        0.0,
        0.0,
        0.0,
        0.0,
        0.0,
        0.0,
        1.0,
        0.0,
        -124.7088,
        44.7569,
        472.6741,
        1.0
      ],
      "_MedicOtomoReturnTarget_STXXX": [
        0.0,
        0.0,
        0.0,
        0.0,
        0.0,
        0.0,
        0.0,
        0.0,
        0.0,
        0.0,
        1.0,
        0.0,
        1053.3812,
        -89.6,
        -127.6246,
        1.0
      ],
      "_MedicOtomoReturnTarget_ST203": [
        0.4715,
        0.0,
        0.8819,
        0.0,
        -0.0,
        1.0,
        0.0,
        0.0,
        -0.8819,
        -0.0,
        0.4715,
        0.0,
        -927.4414,
        -7.1864,
        402.9396,
        1.0
      ],
      "_MedicOtomoReturnTarget_ST205": [
        0.6441,
        0.0,
        0.7649,
        0.0,
        -0.0,
        1.0,
        0.0,
        0.0,
        -0.7649,
        -0.0,
        0.6441,
        0.0,
        -237.1266,
        -82.6664,
        115.7857,
        1.0
      ],
      "_MedicOtomoReturnTarget_ST401": [
        0.2812,
        0.0,
        -0.9597,
        0.0,
        0.0,
        1.0,
        0.0,
        0.0,
        0.9597,
        0.0,
        0.2812,
        0.0,
        -159.7915,
        13.6996,
        144.5694,
        1.0
      ],
      "_MedicOtomoReturnTarget_ST402": [
        0.6851,
        0.0,
        0.7284,
        0.0,
        -0.0,
        1.0,
        0.0,
        0.0,
        -0.7284,
        -0.0,
        0.6851,
        0.0,
        -627.6699,
        110.3185,
        676.8941,
        1.0
      ],
      "_MedicOtomoReturnTarget_ST403": [
        0.8986,
        0.0,
        -0.4387,
        0.0,
        0.0,
        1.0,
        0.0,
        0.0,
        0.4387,
        0.0,
        0.8986,
        0.0,
        -158.2395,
        44.8354,
        68.116,
        1.0
      ]
    }
  }
]